colors <- c("#999999", "#E69F00", "#D55E00")