#colors <- c("#999999", "#E69F00", "#D55E00")


#colors <- c("#999999", "#E69F00", "#56B4E9", "#009E73", "#F0E442", "#0072B2", "#D55E00", "#CC79A7")



colors <- c("#88CCEE", "#CC6677", "#DDCC77", "#117733", "#332288", "#AA4499",
                             "#44AA99", "#999933", "#882255", "#661100", "#6699CC", "#888888")


genotype_colors <- c("N2" ="#888888", "cest-2.1" = "#DDCC77", "tbh-1" ="#661100", "TIBR1"= "#999933",
                     "TIBR2"=  "#117733",
                     "glo-1"= "#CC6677",
                     "fcmt-1"= "#44AA99",
                     "cat-1"= "#332288", "cest-1.2"= "#882255")

  

#                     "fcmt-1:GFP:FAT-7"= "#44AA99",
